EmployeeIndex	Attrition_Probability
0	0.7456777518679776
1	0.010897934930740141
2	0.46663084487875617
3	0.09382198888966632
4	0.4248030457188449
5	0.07709592424244889
6	0.09672147531698287
7	0.11533611778872517
8	0.07036232237306111
9	0.031154751646788006
10	0.03881482601304933
11	0.2580187605954918
12	0.14598923114465673
13	0.05113986568149185
14	0.9174352913322739
15	0.033930361088261404
16	0.03968788087010091
17	0.12946329005702267
18	0.0017040016791962976
19	0.15864886631387826
20	0.001700451506129496
21	0.5238418821404256
22	0.004544862672181909
23	0.05221487530774764
24	0.11636142482362416
25	0.00040510144181250894
26	0.8536591992907083
27	0.026994715652891826
28	0.0013636206884925894
29	0.08653462030767486
30	0.08148833101355146
31	0.003655164370757623
32	0.16052452051062788
33	0.0158747335558769
34	0.38898949378780173
35	0.0007232248307921541
36	0.5821124444941255
37	0.08645551211002907
38	0.36398902572864794
39	0.04262696098272601
40	0.018043173651518186
41	0.0315801289829549
42	0.8646347496566814
43	0.06887320263550631
44	0.04488599549520175
45	0.006484467856917522
46	0.1587338699901196
47	0.24425777753951056
48	0.27994933458667925
49	0.016750898610891213
50	0.8110770182765099
51	0.7645583379914215
52	0.3279032671764655
53	0.10836016421348528
54	0.7561836991668436
55	0.037673883940480594
56	0.09240017259675416
57	0.6049496033413635
58	0.010299188275046441
59	0.004944828117855811
60	0.09718646413998265
61	0.3611480602562252
62	0.07317201445728859
63	0.05646973613675634
64	0.003781288066261268
65	0.007526216414838694
66	0.12766507555098786
67	0.013195389195319358
68	0.1346486714921029
69	0.3561680640431916
70	0.1810123678233817
71	0.0036704321932650164
72	0.0724711337432583
73	0.0064694030189907555
74	0.0926463658840349
75	0.004281825558421143
76	0.05877149914789237
77	0.013749902152883534
78	0.023862780600851834
79	0.24072815017196636
80	0.19805660534798813
81	0.06123886442289431
82	0.008661908929946434
83	0.005725930511718321
84	0.03629970845828125
85	0.009986955149324248
86	0.4083883445792993
87	0.00680917089299541
88	0.008104758962960262
89	0.02171606275143046
90	0.04877365726645381
91	0.25709241418829604
92	0.05831158680345838
93	0.17712600208375406
94	0.1624147473339568
95	0.01203151997240776
96	0.0659191224511633
97	0.021560410156068122
98	0.002438143198986006
99	0.051975611164525884
100	0.5451568851331788
101	0.056868517876748716
102	0.7993909907615894
103	0.003301021500710136
104	0.0016937614841204668
105	0.003238200971472155
106	0.04907837276003944
107	0.6412951661205314
108	0.015614205662170201
109	0.24213490704926324
110	0.2234013410731873
111	0.7610194579660673
112	0.04259969740389796
113	0.119569923086563
114	0.04720270496191762
115	0.06314024818569601
116	0.01648970854573777
117	0.01225426634449729
118	0.14516313179489623
119	0.007299009652146196
120	0.03987598103972932
121	0.014785971968551095
122	0.24151003698725815
123	0.007066226259521489
124	0.808773819033892
125	0.03679716742913373
126	0.0014105286968837197
127	0.930925905032684
128	0.0984623219865708
129	0.006098399377916473
130	0.05925032327316973
131	0.0863639689436722
132	0.7862743918539772
133	0.05502769461292931
134	0.023285460480687636
135	0.031680393934525305
136	0.06528020397065863
137	0.004878705136813495
138	0.3616458869531211
139	0.2377660586381041
140	0.49932245236361406
141	0.06175647262570693
142	0.2156688916925715
143	0.09275302941379725
144	0.005182668022478662
145	0.0328216549632034
146	0.08295205200885171
147	0.15164599955661245
148	0.058141317360618644
149	0.2574266754074371
150	0.018812630722591678
151	0.015837689901877273
152	0.3187241739480868
153	0.044113705918718674
154	0.09430668098452648
155	0.002461763501291402
156	0.020835364708605256
157	0.18074503666105968
158	0.042144623134316925
159	0.19805141237525536
160	0.017942347950437698
161	0.03753204270898365
162	0.04999534194367645
163	0.05803576565648249
164	0.06697255392369744
165	0.02591223635636853
166	0.020855040218881224
167	0.02773782301371088
168	0.04206016372750992
169	0.09654082172981389
170	0.24375623545596067
171	0.8762126456885709
172	0.4091001234080924
173	0.016893423170765053
174	0.14166280294015537
175	0.03369441968398548
176	0.03109692500695186
177	0.5740385221529406
178	0.014891199991506704
179	0.07049639608199623
180	0.19173919043090573
181	0.034249979766177704
182	0.6700249437060267
183	0.029140679979705788
184	0.002292861565658914
185	0.001628322731114496
186	0.005853964535924573
187	0.00024225416094014277
188	0.008190844218320366
189	0.0019840584649689977
190	0.0016399622454794567
191	0.014122406319829953
192	0.7131674715544373
193	0.0002164632309116712
194	0.02984809457626742
195	0.23895118247837988
196	0.4029978437552649
197	0.002282763680087144
198	0.025596804842873175
199	0.023336732632950413
200	0.41468296053438364
201	0.006122968031783105
202	0.05497153876713776
203	0.323163076889969
204	0.589405969553968
205	0.02577066759138443
206	0.21311300799883345
207	0.3441672473364381
208	0.010071435981450022
209	0.006258539586794563
210	0.0893389926918768
211	0.01166265899955677
212	0.037031063055521146
213	0.0015176356844574248
214	0.2557606729168499
215	0.0484774073407403
216	0.8119241987446943
217	0.045303296025386595
218	0.028935100907560074
219	0.003225368868555135
220	0.03117785430845795
221	0.06194154576388745
222	0.002697837571282228
223	0.004611830222196301
224	0.003969227856046751
225	0.00781674213708461
226	0.19482067170836995
227	0.013284481855092858
228	0.04353801079295174
229	0.3897741555534916
230	0.16704132518699977
231	0.0027217352767142807
232	0.10918052832890561
233	0.0007529983245999501
234	0.4557695507023529
235	0.004364676411571577
236	0.2005963775382755
237	0.07950901543529701
238	0.08942500831050805
239	0.5935490201443518
240	0.02197227753104837
241	0.07936896398281393
242	0.05709924564859836
243	0.027906683518129093
244	0.0008084241067667521
245	0.059302697076921915
246	0.016619273778464946
247	0.02888444593434634
248	0.03135062199131302
249	0.01909740830674705
250	0.08070737354534507
251	0.04543977394964136
252	0.06358896506649596
253	0.20597897457800082
254	0.018574799386490714
255	0.009077866828037767
256	0.15290296630157385
257	0.00021498324779455687
258	0.02500257827625785
259	0.6189849012411265
260	0.28499891355732637
261	0.007789997405184033
262	0.29334149856114333
263	0.21218077804436028
264	0.4813926109804068
265	0.11214075384532288
266	0.06123665498272335
267	0.004052653267615232
268	0.016450273314815883
269	0.0041719947833320755
270	0.01036272424930092
271	0.2548873516805658
272	0.0036872443375006404
273	0.01417130236563771
274	0.05943291618851254
275	0.003544894345605278
276	0.09223265344672323
277	0.4481066132310756
278	0.032863333010484726
279	0.0015831048808709178
280	0.0010743455120332034
281	0.012416980885941871
282	0.1415300680049665
283	0.07354868144494815
284	0.6673020159394034
285	0.002375758597577652
286	0.5595566047389549
287	0.03729217083077812
288	0.5818869276311611
289	0.006657230063078725
290	0.22521184115440215
291	0.28175549583460074
292	0.21050976217628461
293	0.7037236171024294
294	0.12639098265709256
295	0.08502976814206825
296	0.4323884836338799
297	0.02416852003302242
298	0.07346883765283271
299	0.006979593192872185
300	0.005000729247264161
301	0.6307330921216839
302	0.02405992875791193
303	0.1089649098868566
304	0.00024751247463065723
305	0.03249350218749651
306	0.015700433715493692
307	0.006654227221109786
308	0.0087914636403816
309	0.04065921334600306
310	0.6560779915527049
311	0.2159146576906594
312	0.18709970874965492
313	0.10276405636221235
314	0.14271125312406596
315	0.04852072073029914
316	0.07817816810025519
317	0.10790340179648776
318	0.42637826382254823
319	0.4223357924686443
320	0.29807296223260743
321	0.002187074452196786
322	0.03831989569535213
323	0.5250813192259881
324	0.0011783536649981612
325	0.06210460673045713
326	0.18834478534194718
327	0.2627085918260731
328	0.2785086426015655
329	0.0016923335687816768
330	0.044738162560678224
331	0.12263572576367418
332	0.01704181915319586
333	0.1344704258648919
334	0.010485502737607072
335	0.1387360696574491
336	0.3911089244051749
337	0.1514207827788682
338	0.006142425983693865
339	0.03325255928859916
340	0.006517441156305521
341	0.004699128033893343
342	0.07480014179500946
343	0.19029574508081853
344	0.0033381178570775875
345	0.023253669391676536
346	0.22249104814215095
347	0.5869236009968232
348	0.023371736505666842
349	0.02150302025831614
350	0.1466756699510027
351	0.015749218225326
352	0.08997877980098071
353	0.1199241279534379
354	0.4423092611432905
355	0.04183530179463274
356	0.011223775646746653
357	0.9735612943044044
358	0.014298924066163664
359	0.07269411409850518
360	0.0017367965915950972
361	0.030918783431561167
362	0.32901656052860506
363	0.7687105195791233
364	0.05723340761580954
365	0.003038108659566025
366	0.3080579765536302
367	0.010980821039026596
368	0.33980470724708683
369	0.3322973443435925
370	0.449058711075058
371	0.09448402314376404
372	0.14487725914410518
373	0.033932794064132944
374	0.05059115862957144
375	0.019589072958960264
376	0.0035537214250377404
377	0.013088332980830683
378	0.6775132765289101
379	0.014079623808551692
380	0.06976191783837778
381	0.37231576592871024
382	0.14552803977796092
383	0.10585699786655282
384	0.13530969064498016
385	0.8158293010809016
386	0.04470185089622444
387	0.01746914857140471
388	0.0670265608394192
389	0.23164597729550676
390	0.0013493647085558108
391	0.10299512022729507
392	0.004614457870575624
393	0.06801096794098081
394	0.011781450051477974
395	0.3539871206094871
396	0.011919826829455775
397	0.4986300251241978
398	0.11869234227337652
399	0.1434696097599212
400	0.04102807708782639
401	0.02313866513768471
402	0.14906254933334842
403	0.016435764814668206
404	0.0777576424780865
405	0.2219495065775336
406	0.010045740351901465
407	0.010635289132154866
408	0.001390433609290566
409	0.0505048726977177
410	0.0385245723181317
411	0.04143844595930608
412	0.0007897062486973127
413	0.0017285386894947841
414	0.82825658658799
415	0.28622852292264467
416	0.22166470407354222
417	0.0002553865471965475
418	0.04198580417479934
419	0.02573628766724767
420	0.0041800600530466124
421	0.2876024641158427
422	0.4775780514673211
423	0.01619919892239526
424	0.03881643751441759
425	0.06510111060313936
426	0.02037078070358058
427	0.05071177387315854
428	0.0017858774041457975
429	0.007885132010386063
430	0.41032524949898586
431	0.12252938070067644
432	0.008555223802380357
433	0.07364449795057551
434	0.0006918665217706543
435	0.3195911546484095
436	0.3174472702624808
437	0.4337961721152336
438	0.07854211001056938
439	0.40613858879834513
440	0.9116973265401983
441	0.03819735886731194
442	0.10653904332981458
443	0.6627207868287193
444	0.03150564316911317
445	0.009220933868330464
446	0.009596534087838456
447	0.13584487779074675
448	0.02773583548003056
449	0.06307439098704712
450	0.19924287471919364
451	0.06116079482701743
452	0.0020969113161425795
453	0.6566476643042254
454	0.027630579353956786
455	0.0021375571613821056
456	0.07076747702355564
457	0.9570245973354103
458	0.04181346750349625
459	0.02655923401746962
460	0.34140275841508316
461	0.04742842193505107
462	0.025942902088946153
463	0.9788855936397236
464	0.014193315667785042
465	0.02764665852221434
466	0.022898348923417907
467	0.027497539175328316
468	0.03275880474209374
469	0.013765769572571848
470	0.20145030892264645
471	0.002508889299697635
472	0.0840380956410546
473	0.00048138833194417394
474	0.08302694631011309
475	0.06959411203754089
476	0.08109136898476142
477	0.033059017647918056
478	0.20383448220162223
479	0.4511400281671603
480	0.6659763092040428
481	0.05242107598877203
482	0.3126882824276808
483	0.29562856328393194
484	0.0059396665969738745
485	0.013276324699843465
486	0.183565385920065
487	0.066888828028997
488	0.0019666492957156087
489	0.011345432527557781
490	0.0669043759089389
491	0.26510716505538445
492	0.0697755828136086
493	0.21638084083096945
494	0.15699593147125124
495	0.12759605218433367
496	0.6317605225325265
497	0.012712861793642392
498	0.04940435392813982
499	0.04089982226419729
500	0.07657312608577363
501	0.045411523174507466
502	0.028403048760329137
503	0.005622253696305396
504	0.17817009695653624
505	0.1802889873046265
506	0.004533002090262882
507	0.0627317788962657
508	0.09338828734637966
509	0.008810376939165232
510	0.04455777673313777
511	0.13691618103617323
512	0.10282531206796867
513	0.2657153079232715
514	0.83922635750925
515	0.02805282772289111
516	0.05743779028035059
517	0.021095119450997266
518	0.04099963930622507
519	0.00971920448290948
520	0.02850982083244627
521	0.03311095255480689
522	0.0321580917980843
523	0.008738900541133968
524	0.029434040545053854
525	0.7847636960302665
526	0.039851179761856904
527	0.020484595255695487
528	0.4043513327215628
529	0.0023663182163736474
530	0.006125548903838165
531	0.0022064998753567695
532	0.02446973380132621
533	0.12385299958149934
534	0.0003442813308028257
535	0.10788235881965778
536	0.45881833357822943
537	0.01866275820748129
538	0.006256374305248446
539	0.16376111874038027
540	0.5557447326152316
541	0.009087875565923578
542	0.09890712589990239
543	0.21330529392350575
544	0.3229332809639793
545	0.20484030123242514
546	0.18364513344112007
547	0.32722369767542
548	0.0560456645553273
549	0.04279108381480192
550	0.09835571019747412
551	0.2548450975384623
552	0.005391787281261183
553	0.08095579656464176
554	0.2343618695526263
555	0.08425784856305642
556	0.013039192467127364
557	0.0030655789501656656
558	0.11952190820405158
559	0.388263737307925
560	0.05166076108118682
561	0.0025792563567119445
562	0.0454842828267051
563	0.11375671263481774
564	0.4948231020249872
565	0.06319847942576347
566	0.5562400755343311
567	0.006997637794932627
568	0.03719474581250885
569	0.09838457008107668
570	0.0024580037711306167
571	0.5983625049070419
572	0.07919315409732243
573	0.6377764172973068
574	0.014742490126824303
575	0.10995198918708435
576	0.10623856363322463
577	0.11280784752334891
578	0.35868828527289753
579	0.048304204913231126
580	0.2123272097643459
581	0.06297151328407702
582	0.0031951388206786697
583	0.12600878263126555
584	0.10166346686005628
585	0.39044920596597704
586	0.044409874603600276
587	0.04518519803375205
588	0.0003611960618484977
589	0.6691715206071689
590	0.0006418964135433969
591	0.6331737880314183
592	0.003871349065152044
593	0.0023648968939906662
594	0.003228534376327012
595	0.01588419957436291
596	0.020566396277475946
597	0.033708141950518904
598	0.11592978381522674
599	0.21201207898702107
600	0.002891201186228086
601	0.6637680532460308
602	0.3246426974636589
603	0.03723838934593182
604	0.028618017035419822
605	0.15645731587286357
606	0.07671076887689116
607	0.00826338558092908
608	0.06320724612196688
609	0.009594911127759396
610	0.01107384373919907
611	0.0055820276631337535
612	0.6302205663497287
613	0.06015299862929351
614	0.1673949701154041
615	0.002335725631596227
616	0.004754025090264581
617	0.07525358378144278
618	0.39047726207676253
619	0.020184793180162343
620	0.1314621406857382
621	0.0168789236417551
622	0.06002310516464067
623	0.1569227537977849
624	0.05556228426798772
625	0.14484022424457776
626	0.01621203077246733
627	0.005532320885070904
628	0.054102769141133336
629	0.01739538374635428
630	0.11407493276916289
631	0.16558343794357955
632	0.39209004637294104
633	0.11822203339724013
634	0.16158950414191348
635	0.010413880687769096
636	0.5473401289291857
637	0.011952356166995859
638	0.3214797798139994
639	0.013565025870718157
640	0.08440190750480069
641	0.09010084972463656
642	0.16287567471885836
643	0.0742438335037606
644	0.05395190521791252
645	0.4599938053553663
646	0.034857898487085676
647	0.061266506935813037
648	0.18239759457197588
649	0.001168688221700125
650	0.019600090400993232
651	0.14355205513091895
652	0.3409506559156686
653	0.010028322326337994
654	0.013033357271826106
655	0.1697884674311824
656	0.9328946759100931
657	0.032800685185794806
658	0.35285254683097966
659	0.17610060262094349
660	0.4907167807144491
661	0.04325183073721223
662	0.3566967755996148
663	0.047013076428687815
664	0.018732212417846745
665	0.4601218190556613
666	0.10664312422297204
667	0.362803673336742
668	0.03311446505262099
669	0.6922657033700855
670	0.07383209766171743
671	0.15510764034575902
672	0.13586997968818676
673	0.36603000598232355
674	0.011685289263479259
675	0.3447662374933227
676	0.014682355930157343
677	0.010304411708557181
678	0.016582986191835583
679	0.007815974280243615
680	0.010074958296199336
681	0.0005322726859808072
682	0.08325149438642965
683	0.7845179497971801
684	0.39090516884350107
685	0.2703376091960872
686	0.03945184351838415
687	0.018328489372572955
688	0.8887586674940462
689	0.8355160899414741
690	0.05850435483872936
691	0.35248542135086314
692	0.013415325883708428
693	0.06849485264219332
694	0.04145791746614572
695	0.7028851636977335
696	0.010258086585915161
697	0.2104040089046999
698	0.0560433009550768
699	0.0021401215857152103
700	0.04384057813718273
701	0.011157005608991466
702	0.09435490076810045
703	0.27838142116654563
704	0.006529487498962333
705	0.012522252754810939
706	0.28565658428508534
707	0.006920485829986579
708	0.00419596766618602
709	0.600999008791669
710	0.026788597854857293
711	0.5878928546059876
712	0.07463159564010409
713	0.002469464172244469
714	0.0004784080775070455
715	0.0565429260135734
716	0.00046281019120018445
717	0.6085364883080101
718	0.07696754753676031
719	0.0698646445054026
720	0.6274016318634718
721	0.005564309061807506
722	0.055809436686478496
723	0.0031012287232712625
724	0.01488644264529833
725	0.3636707994829399
726	0.035493809441371156
727	0.05107787328870556
728	0.0035521424631954567
729	0.16120465231967326
730	0.006172446393425446
731	0.7374798790357286
732	0.5796374234072815
733	0.0034332870774066732
734	0.6873115370772844
735	0.04702053247071409
736	0.00922819608866953
737	0.0354455797820283
738	0.004950540167650027
739	0.020822510895081765
740	0.05160440541523207
741	0.022296936020576603
742	0.09069148704793115
743	0.054516670283509275
744	0.38697130009437974
745	0.051370030455174125
746	0.0002726474493586473
747	0.5655349215599809
748	0.7169654062960313
749	0.0017740269342589553
750	0.03597780816453869
751	0.00036526105082095565
752	0.13492196847131568
753	0.14932231675875132
754	0.12451451744475096
755	0.0008710978516891354
756	0.3030654473469612
757	0.005408482824983085
758	0.04782282613915894
759	0.24949172603463862
760	0.046693381348912114
761	0.2977650088730186
762	0.8656747281477034
763	0.26124623328624197
764	0.18333921757342475
765	0.026748652919812682
766	0.010722081825576772
767	0.028595934297182206
768	0.290006557742568
769	0.03125255803686764
770	0.0012703978825420882
771	0.07187858400602067
772	0.005419514067222036
773	0.028643378951890845
774	0.03125079746104385
775	0.039881579767613154
776	0.8463563945730651
777	0.7217667871605637
778	0.02623405784302803
779	0.05642022659324557
780	0.18417041090300634
781	0.3374237456397796
782	0.018308007920423208
783	0.003919181482031615
784	0.003982069988206167
785	0.03896766331141566
786	0.029133748405929766
787	0.004368337933814002
788	0.0037164950600075703
789	0.07098760409021347
790	0.015454346592841894
791	0.501471138384379
792	0.20330670209532326
793	0.1491440269812102
794	0.09543305799527434
795	0.043033144040310216
796	0.1376741181501267
797	0.4368995851866523
798	0.932568489682284
799	0.014635817834321023
800	0.5464578343938153
801	0.15930100873644784
802	0.04024319966304332
803	0.003544774817517266
804	0.004661095860517995
805	0.001971779842715985
806	0.02889244217404984
807	0.11742003301681608
808	0.02279042984434936
809	0.0014018367573144527
810	0.004453658881835518
811	0.3565513399913677
812	0.08133602240306664
813	0.03666690066404757
814	0.006007225713350061
815	0.2945464380139923
816	0.2670363477536596
817	0.014176245721170273
818	0.2510506273612219
819	0.1638563781383693
820	0.02815496250794011
821	0.046929014155133966
822	0.04675443123778778
823	0.013808281067599992
824	0.6795379959363275
825	0.10223658956700771
826	0.026883671504490655
827	0.2860760663653876
828	0.2278722757586403
829	0.7890806071296795
830	0.5139199459581574
831	0.1988716537218447
832	0.027786077706328856
833	0.04553972945061706
834	0.0640614965936045
835	0.23468806874712972
836	0.18213530746134246
837	0.012675430010891888
838	0.8445585569048139
839	0.17268898413380185
840	0.09076383339425313
841	0.5462142748685266
842	0.27993170506860854
843	0.013281771598957198
844	0.07219929490788736
845	0.30608910831689223
846	0.01845856350871637
847	0.026070976288663297
848	0.06308288926029003
849	0.6898598724306941
850	0.02565249770828767
851	0.008221337075912832
852	0.008519699784189393
853	0.16063197395625914
854	0.10232900600939178
855	0.0017604068744710205
856	0.7714651948286061
857	0.07631886820594759
858	0.0008263925694941621
859	0.3497601035105461
860	0.28122119738931617
861	0.07194456710206253
862	0.03216584862138254
863	0.05215173706356875
864	0.27043865475265466
865	0.12770655393936683
866	0.10166060295511008
867	0.004474854195542013
868	0.08245917569046794
869	0.003245754507561031
870	0.0462246730297741
871	0.29904994488009906
872	0.14511366121663047
873	0.022164651040163103
874	0.060717772934378376
875	0.010047142207594801
876	0.3835953953468119
877	0.003971390034948436
878	0.018276598878875623
879	0.01050223374893195
880	0.1963347627441097
881	0.08304593529279891
882	0.21377393287834684
883	0.0039326860310328485
884	0.27824349265036724
885	0.09046199958064184
886	0.03659121822226004
887	0.1640804943014901
888	0.07542560209557014
889	0.26871598578371514
890	0.007504548545260907
891	0.002169166019705734
892	0.544947793615523
893	0.0059066545649919845
894	7.709488442770051e-05
895	0.1366705783256157
896	0.036307687305400835
897	0.01999676595908963
898	0.0007691508419682558
899	0.014146464764643131
900	0.022678145887187817
901	0.14764282706347617
902	0.012430677080169327
903	0.05484934420658882
904	0.0025858220640317497
905	0.0008925806254685822
906	0.015589281821490683
907	0.006874038179845198
908	0.011492307155531836
909	0.46539860170674263
910	0.015811641704668963
911	0.9645654338347595
912	0.29683690073048746
913	0.14444272923315404
914	0.028211053983387722
915	0.9151363143561988
916	0.0034374949539692705
917	0.4062422910426657
918	0.1473076396616172
919	0.003857844493763494
920	0.08252963134608604
921	0.6743530375170215
922	0.00500577567255118
923	0.023235037905853323
924	0.06992400671784167
925	0.11561678910402677
926	0.02861530965290956
927	0.08088962226802798
928	0.00274208267829651
929	0.6512030047183719
930	0.34964460229501504
931	0.08561949568299454
932	0.559407860569515
933	0.2159525392538494
934	0.05884625456596498
935	0.0010659903833871538
936	0.2004131488622321
937	0.38984977973951884
938	0.012430159831747415
939	0.04220181721300279
940	0.16270434449457213
941	0.2039878840920786
942	0.021485536432876144
943	0.05594628820573497
944	0.009827451758822398
945	0.036461505625918385
946	0.8011459370260271
947	0.8130522538677402
948	0.11652429087388774
949	0.037691421863604524
950	0.08213168420331231
951	0.32822060499710964
952	0.8395845548286609
953	0.11251443869332739
954	0.006721645321864802
955	0.0031940613651641127
956	0.027807906755893414
957	0.0484500769141412
958	0.0018578847221972714
959	0.015890604649479636
960	0.01958849614669573
961	0.3570083740298741
962	0.004293143410576898
963	0.010924433064227345
964	0.07598928624849295
965	0.023189551368553524
966	0.06538432212506651
967	0.05507780715052933
968	0.07272726608630631
969	0.0018430358595013761
970	0.12462105233990388
971	0.0287310135314709
972	0.020203685831217
973	0.016119168355013806
974	0.3876489271330456
975	0.3877040668995521
976	0.0989771130961148
977	0.015579957171927202
978	0.00411860334733292
979	0.40709558064856805
980	0.5518762917371122
981	0.6285181847417479
982	0.003311179909602068
983	0.0016840290759924973
984	0.3145634881217444
985	0.09305093592191138
986	0.15913227771749822
987	0.15789262241738142
988	0.15748658027861762
989	0.10042279234960458
990	0.19726276792412717
991	0.37303019531482146
992	0.0038203240402310086
993	0.22081464615315785
994	0.05517912676010179
995	0.24681298368706894
996	0.27914436206497356
997	0.3748396961915052
998	0.06818270872089797
999	0.0025146777866152173
1000	0.11709091432759258
1001	0.17596643585647842
1002	0.1670703690304934
1003	0.2731245782631196
1004	0.02084378378495747
1005	0.27945133519192916
1006	0.8012185757819498
1007	0.37122233649246145
1008	0.0014849622425680154
1009	0.0006575425507202961
1010	1.7361950096085033e-05
1011	0.3111871557316219
1012	0.8126633916300088
1013	0.0874705840607025
1014	0.03231706475664734
1015	0.014821352709657648
1016	0.24573427915420812
1017	0.16681111659450357
1018	0.23753896889386375
1019	0.24474206685030678
1020	0.02681197484579476
1021	0.8709735382266098
1022	0.08235913236400304
1023	0.006051809215249212
1024	0.00019411316397696782
1025	0.04561978386902018
1026	0.030841932125896167
1027	0.13430185164943617
1028	0.0890273244223298
1029	0.001553366128584834
1030	0.07111433706926432
1031	0.04030710143403556
1032	0.6402062447189656
1033	0.04531663353106558
1034	0.0745585727484859
1035	0.0788348245235194
1036	0.8521291843310963
1037	0.06436117624301553
1038	0.03993968969759342
1039	0.16846653965076405
1040	0.00039511760889136333
1041	0.03940270139861261
1042	0.021867308723827188
1043	0.0021700536682408393
1044	0.0197574385620514
1045	0.0043714668819945035
1046	0.04574524610463371
1047	0.10937483693016617
1048	0.018447098033940294
1049	0.1353204834583894
1050	0.09120997718962967
1051	0.2635490175005719
1052	0.021792741194312362
1053	0.0017813996110377644
1054	0.0006303800126239233
1055	0.02425777883361139
1056	0.2549899131878931
1057	0.9360041116824883
1058	0.6780742706613073
1059	0.13525659405031257
1060	0.9770404077427844
1061	0.07304054545587058
1062	0.5518379816624529
1063	0.013916538226878722
1064	0.02830270238392356
1065	0.030257485032935794
1066	0.1727432959900929
1067	0.1051203853249244
1068	0.908020218456295
1069	0.09088144160981361
1070	0.23720717658892262
1071	0.1557021419406116
1072	0.023316708744368607
1073	0.0553444129551613
1074	0.1401032515926381
1075	0.029731991220060316
1076	0.0027309058188682146
1077	0.43430805034552594
1078	0.01094267408504158
1079	0.06613273504155347
1080	0.006056979690262283
1081	0.03248882708109534
1082	0.6365308248147399
1083	0.30809841840778845
1084	0.23199670184824547
1085	0.31858451968857115
1086	0.19114820583911665
1087	0.21675051982252425
1088	0.13963128851352397
1089	0.028693683969755072
1090	0.0075841405592050395
1091	0.10071516697700035
1092	0.006639592964639495
1093	0.13025980427330985
1094	0.09302475140982384
1095	0.3169164975383006
1096	0.05880310021055806
1097	0.34653753999145437
1098	0.016948486438411695
1099	0.01826025576752439
1100	0.21775001509203343
1101	0.041257681909569896
1102	0.490684729530226
1103	0.03451905496542205
1104	0.0730843054191879
1105	0.14752705065811128
1106	0.04543149509742867
1107	0.2771298199797028
1108	0.2883476443072027
1109	0.2951891990153491
1110	0.6042755266200659
1111	0.00031131583163041877
1112	0.02100306280058586
1113	0.025971519058494433
1114	0.04290054614493119
1115	0.188516622185583
1116	0.0015157749828507143
1117	0.09278419202818669
1118	0.05257255750064998
1119	0.015366609997516299
1120	0.13384116022304435
1121	0.15850321333145775
1122	0.2511438891053655
1123	0.16940713614745279
1124	0.02132246092293134
1125	0.012399405094668685
1126	0.0782150124315436
1127	0.018731070367220444
1128	0.5970064580152379
1129	0.020730911839427265
1130	0.050356860701757225
1131	0.14610110528560163
1132	0.034447433319407875
1133	0.08492681338968443
1134	0.03474656542951032
1135	0.005506634881667222
1136	0.44596241535629194
1137	0.2844386310955962
1138	0.10366905933275597
1139	0.0015334724552551581
1140	0.0006430558850397648
1141	0.10146822748500159
1142	0.6504564859500213
1143	0.2672367980444298
1144	0.18512100066451087
1145	0.27267347172037054
1146	0.04315242112617265
1147	0.031993485344468074
1148	0.00760276305569524
1149	0.02815611217458215
1150	0.004303413059180694
1151	0.1917240661082601
1152	0.058022680196681144
1153	0.8875917778247596
1154	0.005098218915859467
1155	0.006597626631121392
1156	0.010572555330423318
1157	0.00025881461626043115
1158	0.022118737663203852
1159	0.08243333672022188
1160	0.0003261066924588497
1161	0.009644555656560827
1162	0.24630637239550404
1163	0.08996899117345218
1164	0.2698594148501142
1165	0.5143136281932545
1166	0.01693329871187165
1167	0.7202859090122519
1168	0.6176498832375259
1169	0.1283956296542338
1170	0.11091635031022089
1171	0.8760030303531331
1172	0.5492895178754437
1173	0.013996550647626255
1174	0.0010376984734524022
1175	0.02308438779064501
1176	0.0015598557163996486
1177	0.00022587953786164526
1178	0.37355006147122116
1179	0.0052978807972206545
1180	0.19924162901914302
1181	0.003213650408034417
1182	0.0021157407581841718
1183	0.009085041017440556
1184	0.0011590550568402781
1185	0.0016850629508512343
1186	0.28845185650748967
1187	0.0007120428070285895
1188	0.49929816357176704
1189	0.0029252981458557244
1190	0.0031422155734283134
1191	0.0466160551203387
1192	0.3703762612278906
1193	0.3919968806451131
1194	0.0021522487209449633
1195	0.025308877011067713
1196	0.23364232507477237
1197	0.6220442015974285
1198	0.04438168767171386
1199	0.08589580399833453
1200	0.07880710543549992
1201	0.7107171921365166
1202	0.025954019205170244
1203	0.007922143980401107
1204	0.10311746707004238
1205	0.30278393432011397
1206	0.01594350500366314
1207	0.09338587562677328
1208	0.007174770490587025
1209	0.0025971155784332376
1210	0.0021000266597190217
1211	0.05127454478216557
1212	0.050757640557059926
1213	0.4659508354494483
1214	0.01097784755354136
1215	0.34830210412192864
1216	0.04176141964408407
1217	0.007435674147760639
1218	0.0922114913144303
1219	0.0998702430573821
1220	0.1232246434903366
1221	0.0023433266038199183
1222	0.5029400621680772
1223	0.7171680957197581
1224	0.04859220132493185
1225	0.02368899955274695
1226	0.355476320156508
1227	0.02555683099301408
1228	0.17951377348481035
1229	0.1091755784445424
1230	0.17614049094799714
1231	0.007428072468605406
1232	0.002986368127391951
1233	0.026995486713362136
1234	0.07517876245063802
1235	0.039211498014516906
1236	0.4883739106229184
1237	0.7392846837249105
1238	0.3947589160820848
1239	0.08736931357457636
1240	0.014756724149373332
1241	0.20447257478960804
1242	0.15305176599643003
1243	0.0387950043866992
1244	0.028300933558868372
1245	0.17028613486069533
1246	0.540655942024377
1247	0.06928913912023067
1248	0.018535510714568867
1249	0.7691428239837065
1250	0.16578919998968208
1251	0.13598311025119444
1252	0.015590139263874803
1253	0.0283352965447338
1254	0.018960367615900798
1255	0.9037142627975866
1256	0.19091290786048937
1257	0.18906495804730228
1258	0.05696664208828792
1259	0.010580165395016649
1260	0.01841202530269848
1261	0.25118030223229676
1262	0.6673209358019314
1263	0.07384573855690024
1264	0.003411129108497111
1265	0.003014662054980585
1266	0.04876802686878507
1267	0.0032218451339838068
1268	0.009215018893598687
1269	0.011103420568248718
1270	0.3246392814757765
1271	0.8112247371213174
1272	0.009475551420843574
1273	0.4559872589137961
1274	0.14409797060988072
1275	0.021115522698605286
1276	0.16746377724681122
1277	0.010059303685311077
1278	0.10945590192166382
1279	0.08753378254410978
1280	0.026198119628506343
1281	0.4131355312818025
1282	0.02817666451714799
1283	0.001928144017467094
1284	0.014633223961127748
1285	0.42078194028207216
1286	0.03411743122581524
1287	0.02529075310723719
1288	0.000373628428829247
1289	0.006257224832896928
1290	0.19599707721546214
1291	0.04540082362152613
1292	0.03729089781758305
1293	0.0971010702420523
1294	0.11711427899494851
1295	0.032731029210451415
1296	0.14577058825647582
1297	0.28481754436856443
1298	0.002028292291922923
1299	0.0010345698256295922
1300	0.007531701592075021
1301	0.003741468415182675
1302	0.15146748515894504
1303	0.09557476345239885
1304	0.0320424327714563
1305	0.003716862990302846
1306	0.18846438145250483
1307	0.01420691221033434
1308	0.388148763289545
1309	0.15136920017310335
1310	0.05293749619593158
1311	0.10963719897186075
1312	0.16735081196806106
1313	0.8481072954899647
1314	0.0031461026811229584
1315	0.024674212018069266
1316	0.033109258952114945
1317	0.4021932255311903
1318	0.03763961900222097
1319	0.42293514350723405
1320	0.01891539326859653
1321	0.2414353730079982
1322	0.0017470462302336515
1323	0.02280987107482785
1324	0.04774428721843759
1325	0.06763148816930839
1326	0.9120484853500543
1327	0.0012407372628366142
1328	0.10235112116307744
1329	0.1039189643870554
1330	0.01873942846825053
1331	0.0025068344051551662
1332	0.8339413854063983
1333	0.0044943879902115775
1334	0.10477862637415385
1335	0.012152632817539219
1336	0.011150789346726187
1337	0.08491437328095558
1338	0.41005171297803217
1339	0.6484932302427628
1340	0.14737146343684557
1341	0.12364270627898215
1342	0.03947645493748561
1343	0.3450568429529142
1344	0.08724814579828215
1345	0.07498797856187495
1346	0.0042135680101767735
1347	0.24785183386335116
1348	0.04715364833847629
1349	0.3272167994394272
1350	0.030071033731158065
1351	0.0023889996253588473
1352	0.007525655227075458
1353	0.43481445510158745
1354	0.09248587414035944
1355	0.21943033146980656
1356	0.038359341460232003
1357	0.004652007336352963
1358	0.06681406262140444
1359	0.1567852114744646
1360	0.43949171894444977
1361	0.033126726351921314
1362	0.041392549708911756
1363	0.1710276387020535
1364	0.16813767679952066
1365	0.7977986936238596
1366	0.1497258988766274
1367	0.05370240424406562
1368	0.1131910014067476
1369	0.5614523936677065
1370	0.0032326230386854104
1371	0.04639379359347368
1372	0.04005852515740362
1373	0.01506549802562343
1374	0.0199639095029218
1375	0.6850788057231849
1376	0.002468095957389934
1377	0.0019645835226391652
1378	0.1268007016692766
1379	0.9096895673367982
1380	0.11675456735199564
1381	0.027832292793240922
1382	0.02954849151289499
1383	0.0381239486236896
1384	0.16645457639639338
1385	0.020276134155623318
1386	0.17198883125752218
1387	0.059999540425740544
1388	0.003577904491422554
1389	0.11040668968297765
1390	0.4756286964174127
1391	0.7274492108085147
1392	0.01905901877898006
1393	0.03116028725490665
1394	0.11481981926860417
1395	0.4674695459651328
1396	0.9218801322621445
1397	0.011897245872452028
1398	0.002224539486881922
1399	0.007185735417575245
1400	0.12443995792549861
1401	0.09258981740716725
1402	0.10681088131888077
1403	0.5079916584960243
1404	0.00626713178240191
1405	0.0007243543924942482
1406	0.19732572342501048
1407	0.19937237104904354
1408	0.020287923647915384
1409	0.18154511324911446
1410	0.013400953135585165
1411	0.2696543876161847
1412	0.008631224293149484
1413	0.19563083994809013
1414	0.031248604719865118
1415	0.03258538667218552
1416	0.0028205399946565103
1417	0.13031803561889235
1418	0.14482611653234373
1419	0.3090244469258954
1420	0.006442960812705654
1421	0.0002229970204451802
1422	0.45229358529979946
1423	0.018627487220604522
1424	0.011145419195280242
1425	0.10987381617562589
1426	0.636509466503982
1427	0.12590105624625933
1428	0.34585793415888305
1429	0.16700062552657316
1430	0.0007627958179043001
1431	0.004166474441148624
1432	0.004153366888698254
1433	0.13337971845400595
1434	0.024826560452121907
1435	0.25414905743937305
1436	0.7870412747839147
1437	0.013490591998748346
1438	0.8228635098690651
1439	0.014101041409628848
1440	0.010005675005543254
1441	0.00040396601985106894
1442	0.23944402709594018
1443	0.0671585106837602
1444	0.06786235265620062
1445	0.007655755311960992
1446	0.010920564915610637
1447	0.029125559520716233
1448	0.009734218818207133
1449	0.048866265432513566
1450	0.456189927665661
1451	0.010545081999893015
1452	0.027417939288711866
1453	0.16737575126932205
1454	0.1484167771826475
1455	0.0302619526823128
1456	0.05154969264816511
1457	0.0011032423293609952
1458	0.0073920452828308975
1459	0.484577584671567
1460	0.24791517663564525
1461	0.6027769636786661
1462	0.17273505235779354
1463	0.018551853324917746
1464	0.06505505043194636
1465	0.06701174592506558
1466	0.014713548211548992
1467	0.18305323718598962
1468	0.012206124388889574
1469	0.09806420946158932
